position:
   rows: 4
   cols: 4
   data: [-0.0173545 -0.603727 0.797002 -0.640151 -0.999799 0.00248683 -0.0198866 -0.527698 0.0100241 -0.797187 -0.603649 0.637673 0 0 0 1]

