position:
   rows: 4
   cols: 4
   data: [0.87844 0.246306 -0.409483 0.581276 0.477689 -0.475041 0.739019 -1.31748 -0.0124966 -0.844789 -0.534953 0.635588 0 0 0 1 ]

