position:
   rows: 4
   cols: 4
   data: [-0.866901 0.293125 -0.403187 0.434  0.49819 0.537058 -0.680717 0.335 0.0169992 -0.790978 -0.611608 0.63627 0 0 0 1]

