<?xml version="1.0" encoding="UTF-8" standalone="no" ?>
<CartesianTask>

  <Targets/>

  <Entities>
    <CartesianTask>
      <Targets>
        <CartesianTarget id="0">
          <Transform3D>
            <Pos>-0.08893533397930165 0.01208862094049262 0.02900094939390161</Pos>
            <Rotation3D>-0.8068538730466048 0.1401971283301176 0.5738741959329429 0.06327028796414533 0.9863519870475361 -0.1520086455051528 -0.5873531290549386 -0.08633957873053123 -0.8047122336177119</Rotation3D>
          </Transform3D>
          <Id></Id>
          <Index>0</Index>
          <PropertyMap>
            <Property>
              <Name>GripperConfiguration</Name>
              <Value>
                <Q>-1.570796326992132 -1.57079633175 1.570796351775418 -5.480449859143579e-09 0.4189999998750498 -5.211798538657495e-09 0.4189999999226703</Q>
              </Value>
            </Property>
            <Property>
              <Name>Interference</Name>
              <Value>
                <Double>0</Double>
              </Value>
            </Property>
            <Property>
              <Name>InterferenceAngles</Name>
              <Value>
                <DoubleList></DoubleList>
              </Value>
            </Property>
            <Property>
              <Name>InterferenceDistances</Name>
              <Value>
                <DoubleList></DoubleList>
              </Value>
            </Property>
            <Property>
              <Name>Interferences</Name>
              <Value>
                <DoubleList></DoubleList>
              </Value>
            </Property>
            <Property>
              <Name>LiftStatus</Name>
              <Value>
                <Integer>4</Integer>
              </Value>
            </Property>
            <Property>
              <Name>ObjectTtcpApproach</Name>
              <Value>
                <Transform3D>
                  <Pos>-0.08893533397930163 0.01208862094049263 0.02924644939390166</Pos>
                  <Rotation3D>-0.8068538730466047 0.1401971283301176 0.5738741959329429 0.0632702879641453 0.9863519870475361 -0.1520086455051528 -0.5873531290549386 -0.08633957873053125 -0.8047122336177118</Rotation3D>
                </Transform3D>
              </Value>
            </Property>
            <Property>
              <Name>ObjectTtcptTarget</Name>
              <Value>
                <Transform3D>
                  <Pos>-0.08893533397930166 0.01208862094049263 0.02900094939390165</Pos>
                  <Rotation3D>-0.8068538730466048 0.1401971283301176 0.5738741959329429 0.06327028796414533 0.9863519870475361 -0.1520086455051528 -0.5873531290549386 -0.08633957873053123 -0.8047122336177119</Rotation3D>
                </Transform3D>
              </Value>
            </Property>
            <Property>
              <Name>QualityAfterLifting</Name>
              <Value>
                <Q>0</Q>
              </Value>
            </Property>
            <Property>
              <Name>TestStatus</Name>
              <Value>
                <Integer>3</Integer>
              </Value>
            </Property>
          </PropertyMap>
        </CartesianTarget>
      </Targets>
      <Entities/>
      <Id></Id>
      <Index>0</Index>
      <PropertyMap>
        <Property>
          <Name>Approach</Name>
          <Value>
            <Transform3D>
              <Pos>0 0 0</Pos>
              <Rotation3D>1 0 0 0 1 0 0 0 1</Rotation3D>
            </Transform3D>
          </Value>
        </Property>
        <Property>
          <Name>CloseQ</Name>
          <Value>
            <Q>-1.571 -1.571 1.571 0 0.419 0 0.419</Q>
          </Value>
        </Property>
        <Property>
          <Name>Offset</Name>
          <Value>
            <Transform3D>
              <Pos>0 0 0</Pos>
              <Rotation3D>1 0 0 0 1 0 0 0 1</Rotation3D>
            </Transform3D>
          </Value>
        </Property>
        <Property>
          <Name>OpenQ</Name>
          <Value>
            <Q>-1.571 -1.571 1.571 -1.048 0.174 -1.048 0.174</Q>
          </Value>
        </Property>
        <Property>
          <Name>Retract</Name>
          <Value>
            <Transform3D>
              <Pos>0 0 0.1</Pos>
              <Rotation3D>1 0 0 0 1 0 0 0 1</Rotation3D>
            </Transform3D>
          </Value>
        </Property>
        <Property>
          <Name>TauMax</Name>
          <Value>
            <Q>0.2 2 10 2 2 2 2</Q>
          </Value>
        </Property>
        <Property>
          <Name>refframe</Name>
          <Value>
            <String>object</String>
          </Value>
        </Property>
      </PropertyMap>
    </CartesianTask>
    <CartesianTask>
      <Targets>
        <CartesianTarget id="0">
          <Transform3D>
            <Pos>0.07874785780779087 -0.009429976903036342 0.05064739432641282</Pos>
            <Rotation3D>-0.8244047834832841 0.2130416886143185 -0.5243758116868467 0.1303510787798259 0.9730177768984428 0.1903812020671886 0.5507861193156698 0.08859822093006067 -0.8299307236252993</Rotation3D>
          </Transform3D>
          <Id></Id>
          <Index>0</Index>
          <PropertyMap>
            <Property>
              <Name>GripperConfiguration</Name>
              <Value>
                <Q>-1.570796327070108 -1.570796331836156 1.570796351813255 -5.211122353229303e-09 0.4189999999201381 -5.486830429804121e-09 0.4189999998712723</Q>
              </Value>
            </Property>
            <Property>
              <Name>Interference</Name>
              <Value>
                <Double>0</Double>
              </Value>
            </Property>
            <Property>
              <Name>InterferenceAngles</Name>
              <Value>
                <DoubleList></DoubleList>
              </Value>
            </Property>
            <Property>
              <Name>InterferenceDistances</Name>
              <Value>
                <DoubleList></DoubleList>
              </Value>
            </Property>
            <Property>
              <Name>Interferences</Name>
              <Value>
                <DoubleList></DoubleList>
              </Value>
            </Property>
            <Property>
              <Name>LiftStatus</Name>
              <Value>
                <Integer>4</Integer>
              </Value>
            </Property>
            <Property>
              <Name>ObjectTtcpApproach</Name>
              <Value>
                <Transform3D>
                  <Pos>0.07874785780779082 -0.009429976903036335 0.05089289432641285</Pos>
                  <Rotation3D>-0.8244047834832838 0.2130416886143185 -0.5243758116868465 0.1303510787798259 0.9730177768984428 0.1903812020671886 0.5507861193156697 0.08859822093006066 -0.8299307236252992</Rotation3D>
                </Transform3D>
              </Value>
            </Property>
            <Property>
              <Name>ObjectTtcptTarget</Name>
              <Value>
                <Transform3D>
                  <Pos>0.07874785780779085 -0.009429976903036338 0.05064739432641282</Pos>
                  <Rotation3D>-0.8244047834832841 0.2130416886143185 -0.5243758116868467 0.1303510787798259 0.9730177768984428 0.1903812020671886 0.5507861193156698 0.08859822093006067 -0.8299307236252993</Rotation3D>
                </Transform3D>
              </Value>
            </Property>
            <Property>
              <Name>QualityAfterLifting</Name>
              <Value>
                <Q>0</Q>
              </Value>
            </Property>
            <Property>
              <Name>TestStatus</Name>
              <Value>
                <Integer>3</Integer>
              </Value>
            </Property>
          </PropertyMap>
        </CartesianTarget>
      </Targets>
      <Entities/>
      <Id></Id>
      <Index>1</Index>
      <PropertyMap>
        <Property>
          <Name>Approach</Name>
          <Value>
            <Transform3D>
              <Pos>0 0 0</Pos>
              <Rotation3D>1 0 0 0 1 0 0 0 1</Rotation3D>
            </Transform3D>
          </Value>
        </Property>
        <Property>
          <Name>CloseQ</Name>
          <Value>
            <Q>-1.571 -1.571 1.571 0 0.419 0 0.419</Q>
          </Value>
        </Property>
        <Property>
          <Name>Offset</Name>
          <Value>
            <Transform3D>
              <Pos>0 0 0</Pos>
              <Rotation3D>1 0 0 0 1 0 0 0 1</Rotation3D>
            </Transform3D>
          </Value>
        </Property>
        <Property>
          <Name>OpenQ</Name>
          <Value>
            <Q>-1.571 -1.571 1.571 -1.048 0.174 -1.048 0.174</Q>
          </Value>
        </Property>
        <Property>
          <Name>Retract</Name>
          <Value>
            <Transform3D>
              <Pos>0 0 0.1</Pos>
              <Rotation3D>1 0 0 0 1 0 0 0 1</Rotation3D>
            </Transform3D>
          </Value>
        </Property>
        <Property>
          <Name>TauMax</Name>
          <Value>
            <Q>0.2 2 10 2 2 2 2</Q>
          </Value>
        </Property>
        <Property>
          <Name>refframe</Name>
          <Value>
            <String>object</String>
          </Value>
        </Property>
      </PropertyMap>
    </CartesianTask>
    <CartesianTask>
      <Targets>
        <CartesianTarget id="0">
          <Transform3D>
            <Pos>-0.07939390469385441 0.008810341037878595 0.03185186466523683</Pos>
            <Rotation3D>-0.8092556847107031 0.1006703893441253 0.5787665414247039 0.05636810569093643 0.9939681570108226 -0.09407411710626945 -0.5847459905157337 -0.04350604047498352 -0.8100489806289263</Rotation3D>
          </Transform3D>
          <Id></Id>
          <Index>0</Index>
          <PropertyMap>
            <Property>
              <Name>GripperConfiguration</Name>
              <Value>
                <Q>-1.570796326990616 -1.570796331750195 1.570796351776023 -5.414411236985052e-09 0.4189999998861946 -5.279126855957416e-09 0.4189999999101888</Q>
              </Value>
            </Property>
            <Property>
              <Name>Interference</Name>
              <Value>
                <Double>0</Double>
              </Value>
            </Property>
            <Property>
              <Name>InterferenceAngles</Name>
              <Value>
                <DoubleList></DoubleList>
              </Value>
            </Property>
            <Property>
              <Name>InterferenceDistances</Name>
              <Value>
                <DoubleList></DoubleList>
              </Value>
            </Property>
            <Property>
              <Name>Interferences</Name>
              <Value>
                <DoubleList></DoubleList>
              </Value>
            </Property>
            <Property>
              <Name>LiftStatus</Name>
              <Value>
                <Integer>4</Integer>
              </Value>
            </Property>
            <Property>
              <Name>ObjectTtcpApproach</Name>
              <Value>
                <Transform3D>
                  <Pos>-0.07939390469385445 0.008810341037878583 0.03209736466523686</Pos>
                  <Rotation3D>-0.8092556847107032 0.1006703893441253 0.5787665414247039 0.05636810569093643 0.9939681570108226 -0.09407411710626945 -0.5847459905157337 -0.04350604047498352 -0.8100489806289264</Rotation3D>
                </Transform3D>
              </Value>
            </Property>
            <Property>
              <Name>ObjectTtcptTarget</Name>
              <Value>
                <Transform3D>
                  <Pos>-0.07939390469385443 0.008810341037878583 0.03185186466523687</Pos>
                  <Rotation3D>-0.8092556847107031 0.1006703893441253 0.5787665414247039 0.05636810569093643 0.9939681570108226 -0.09407411710626945 -0.5847459905157337 -0.04350604047498352 -0.8100489806289263</Rotation3D>
                </Transform3D>
              </Value>
            </Property>
            <Property>
              <Name>QualityAfterLifting</Name>
              <Value>
                <Q>0</Q>
              </Value>
            </Property>
            <Property>
              <Name>TestStatus</Name>
              <Value>
                <Integer>3</Integer>
              </Value>
            </Property>
          </PropertyMap>
        </CartesianTarget>
      </Targets>
      <Entities/>
      <Id></Id>
      <Index>2</Index>
      <PropertyMap>
        <Property>
          <Name>Approach</Name>
          <Value>
            <Transform3D>
              <Pos>0 0 0</Pos>
              <Rotation3D>1 0 0 0 1 0 0 0 1</Rotation3D>
            </Transform3D>
          </Value>
        </Property>
        <Property>
          <Name>CloseQ</Name>
          <Value>
            <Q>-1.571 -1.571 1.571 0 0.419 0 0.419</Q>
          </Value>
        </Property>
        <Property>
          <Name>Offset</Name>
          <Value>
            <Transform3D>
              <Pos>0 0 0</Pos>
              <Rotation3D>1 0 0 0 1 0 0 0 1</Rotation3D>
            </Transform3D>
          </Value>
        </Property>
        <Property>
          <Name>OpenQ</Name>
          <Value>
            <Q>-1.571 -1.571 1.571 -1.048 0.174 -1.048 0.174</Q>
          </Value>
        </Property>
        <Property>
          <Name>Retract</Name>
          <Value>
            <Transform3D>
              <Pos>0 0 0.1</Pos>
              <Rotation3D>1 0 0 0 1 0 0 0 1</Rotation3D>
            </Transform3D>
          </Value>
        </Property>
        <Property>
          <Name>TauMax</Name>
          <Value>
            <Q>0.2 2 10 2 2 2 2</Q>
          </Value>
        </Property>
        <Property>
          <Name>refframe</Name>
          <Value>
            <String>object</String>
          </Value>
        </Property>
      </PropertyMap>
    </CartesianTask>
    <CartesianTask>
      <Targets>
        <CartesianTarget id="0">
          <Transform3D>
            <Pos>0.0490859260391503 0.0008393582293147177 0.05702417146965372</Pos>
            <Rotation3D>-0.6841139394341432 -0.02476261419479178 -0.7289546836464782 -0.01294818737308721 0.9996783389266189 -0.02180740985691428 0.7292602157773649 -0.005480111235724486 -0.6842145175785116</Rotation3D>
          </Transform3D>
          <Id></Id>
          <Index>0</Index>
          <PropertyMap>
            <Property>
              <Name>GripperConfiguration</Name>
              <Value>
                <Q>-1.570796327130386 -1.570796331849746 1.570796351817705 -5.34099163169756e-09 0.4189999999124296 -5.323728083196945e-09 0.4189999999154539</Q>
              </Value>
            </Property>
            <Property>
              <Name>Interference</Name>
              <Value>
                <Double>0</Double>
              </Value>
            </Property>
            <Property>
              <Name>InterferenceAngles</Name>
              <Value>
                <DoubleList></DoubleList>
              </Value>
            </Property>
            <Property>
              <Name>InterferenceDistances</Name>
              <Value>
                <DoubleList></DoubleList>
              </Value>
            </Property>
            <Property>
              <Name>Interferences</Name>
              <Value>
                <DoubleList></DoubleList>
              </Value>
            </Property>
            <Property>
              <Name>LiftStatus</Name>
              <Value>
                <Integer>4</Integer>
              </Value>
            </Property>
            <Property>
              <Name>ObjectTtcpApproach</Name>
              <Value>
                <Transform3D>
                  <Pos>0.04908592603915026 0.0008393582293147234 0.0572696714696538</Pos>
                  <Rotation3D>-0.6841139394341431 -0.02476261419479178 -0.7289546836464782 -0.01294818737308721 0.9996783389266189 -0.02180740985691428 0.7292602157773649 -0.005480111235724486 -0.6842145175785114</Rotation3D>
                </Transform3D>
              </Value>
            </Property>
            <Property>
              <Name>ObjectTtcptTarget</Name>
              <Value>
                <Transform3D>
                  <Pos>0.04908592603915028 0.0008393582293147237 0.05702417146965377</Pos>
                  <Rotation3D>-0.6841139394341432 -0.02476261419479178 -0.7289546836464782 -0.01294818737308721 0.9996783389266189 -0.02180740985691428 0.7292602157773649 -0.005480111235724486 -0.6842145175785116</Rotation3D>
                </Transform3D>
              </Value>
            </Property>
            <Property>
              <Name>QualityAfterLifting</Name>
              <Value>
                <Q>0</Q>
              </Value>
            </Property>
            <Property>
              <Name>TestStatus</Name>
              <Value>
                <Integer>3</Integer>
              </Value>
            </Property>
          </PropertyMap>
        </CartesianTarget>
      </Targets>
      <Entities/>
      <Id></Id>
      <Index>3</Index>
      <PropertyMap>
        <Property>
          <Name>Approach</Name>
          <Value>
            <Transform3D>
              <Pos>0 0 0</Pos>
              <Rotation3D>1 0 0 0 1 0 0 0 1</Rotation3D>
            </Transform3D>
          </Value>
        </Property>
        <Property>
          <Name>CloseQ</Name>
          <Value>
            <Q>-1.571 -1.571 1.571 0 0.419 0 0.419</Q>
          </Value>
        </Property>
        <Property>
          <Name>Offset</Name>
          <Value>
            <Transform3D>
              <Pos>0 0 0</Pos>
              <Rotation3D>1 0 0 0 1 0 0 0 1</Rotation3D>
            </Transform3D>
          </Value>
        </Property>
        <Property>
          <Name>OpenQ</Name>
          <Value>
            <Q>-1.571 -1.571 1.571 -1.048 0.174 -1.048 0.174</Q>
          </Value>
        </Property>
        <Property>
          <Name>Retract</Name>
          <Value>
            <Transform3D>
              <Pos>0 0 0.1</Pos>
              <Rotation3D>1 0 0 0 1 0 0 0 1</Rotation3D>
            </Transform3D>
          </Value>
        </Property>
        <Property>
          <Name>TauMax</Name>
          <Value>
            <Q>0.2 2 10 2 2 2 2</Q>
          </Value>
        </Property>
        <Property>
          <Name>refframe</Name>
          <Value>
            <String>object</String>
          </Value>
        </Property>
      </PropertyMap>
    </CartesianTask>
    <CartesianTask>
      <Targets>
        <CartesianTarget id="0">
          <Transform3D>
            <Pos>0.1094810948038175 0.04507109484217928 0.04462309240659335</Pos>
            <Rotation3D>-0.8507874215688648 -0.2756180852514133 -0.447432044429707 -0.2382947905422893 0.9611969439941567 -0.1389821127221073 0.4683762975435554 -0.01162350801774964 -0.8834526234953136</Rotation3D>
          </Transform3D>
          <Id></Id>
          <Index>0</Index>
          <PropertyMap>
            <Property>
              <Name>ContactsGrasp</Name>
              <Value>
                <DoubleList>0.1148126700280597 0.05001388827830353 0.01643251184630995 -7.466532355104887e-06 -0.5610994952113258 -0.8277483653972664 -0.0002728220165692522 -20.50219412426583 -30.2453625751826 0.1150592398592008 0.05035733449690045 0.01619970424160635 1.043843811106877e-05 -0.9326915017878573 -0.3606751479985147 -0.7399258888066532 2.356251437240449 -6.09319335544915 0.1202787875634553 0.01714740310850257 0.01651162816619517 -0.4377257417531285 0.2516847060654375 -0.8631633586636007 1.533325874027961 13.42800406992284 2.517405297221652</DoubleList>
              </Value>
            </Property>
            <Property>
              <Name>GripperConfiguration</Name>
              <Value>
                <Q>-1.570796327046692 -1.570796331829889 1.570796351610562 -0.07062974991684301 0.4190000005952266 -0.06842896938684677 0.418999990682499</Q>
              </Value>
            </Property>
            <Property>
              <Name>GripperConfigurationPost</Name>
              <Value>
                <Q>-1.570796327071968 -1.570796331826325 1.570796351807943 -0.0001509535685953737 0.4189999998963092 -0.000140996326707176 0.4189999998830878</Q>
              </Value>
            </Property>
            <Property>
              <Name>Interference</Name>
              <Value>
                <Double>0</Double>
              </Value>
            </Property>
            <Property>
              <Name>InterferenceAngles</Name>
              <Value>
                <DoubleList></DoubleList>
              </Value>
            </Property>
            <Property>
              <Name>InterferenceDistances</Name>
              <Value>
                <DoubleList></DoubleList>
              </Value>
            </Property>
            <Property>
              <Name>Interferences</Name>
              <Value>
                <DoubleList></DoubleList>
              </Value>
            </Property>
            <Property>
              <Name>LiftResult</Name>
              <Value>
                <Double>0</Double>
              </Value>
            </Property>
            <Property>
              <Name>LiftStatus</Name>
              <Value>
                <Integer>4</Integer>
              </Value>
            </Property>
            <Property>
              <Name>ObjectTtcpApproach</Name>
              <Value>
                <Transform3D>
                  <Pos>0.1094810948038176 0.04507109484217929 0.04486859240659343</Pos>
                  <Rotation3D>-0.850787421568865 -0.2756180852514134 -0.4474320444297071 -0.2382947905422893 0.9611969439941567 -0.1389821127221073 0.4683762975435555 -0.01162350801774965 -0.8834526234953137</Rotation3D>
                </Transform3D>
              </Value>
            </Property>
            <Property>
              <Name>ObjectTtcptTarget</Name>
              <Value>
                <Transform3D>
                  <Pos>0.1094810948038175 0.04507109484217928 0.0446230924065934</Pos>
                  <Rotation3D>-0.8507874215688648 -0.2756180852514133 -0.447432044429707 -0.2382947905422893 0.9611969439941567 -0.1389821127221073 0.4683762975435554 -0.01162350801774964 -0.8834526234953136</Rotation3D>
                </Transform3D>
              </Value>
            </Property>
            <Property>
              <Name>QualityAfterLifting</Name>
              <Value>
                <Q>0</Q>
              </Value>
            </Property>
            <Property>
              <Name>QualityBeforeLifting</Name>
              <Value>
                <Q>-1.601206214737723e-10 0.0013257498017719 0.5846030721581921</Q>
              </Value>
            </Property>
            <Property>
              <Name>TestStatus</Name>
              <Value>
                <Integer>4</Integer>
              </Value>
            </Property>
          </PropertyMap>
        </CartesianTarget>
      </Targets>
      <Entities/>
      <Id></Id>
      <Index>4</Index>
      <PropertyMap>
        <Property>
          <Name>Approach</Name>
          <Value>
            <Transform3D>
              <Pos>0 0 0</Pos>
              <Rotation3D>1 0 0 0 1 0 0 0 1</Rotation3D>
            </Transform3D>
          </Value>
        </Property>
        <Property>
          <Name>CloseQ</Name>
          <Value>
            <Q>-1.571 -1.571 1.571 0 0.419 0 0.419</Q>
          </Value>
        </Property>
        <Property>
          <Name>Offset</Name>
          <Value>
            <Transform3D>
              <Pos>0 0 0</Pos>
              <Rotation3D>1 0 0 0 1 0 0 0 1</Rotation3D>
            </Transform3D>
          </Value>
        </Property>
        <Property>
          <Name>OpenQ</Name>
          <Value>
            <Q>-1.571 -1.571 1.571 -1.048 0.174 -1.048 0.174</Q>
          </Value>
        </Property>
        <Property>
          <Name>Retract</Name>
          <Value>
            <Transform3D>
              <Pos>0 0 0.1</Pos>
              <Rotation3D>1 0 0 0 1 0 0 0 1</Rotation3D>
            </Transform3D>
          </Value>
        </Property>
        <Property>
          <Name>TauMax</Name>
          <Value>
            <Q>0.2 2 10 2 2 2 2</Q>
          </Value>
        </Property>
        <Property>
          <Name>refframe</Name>
          <Value>
            <String>object</String>
          </Value>
        </Property>
      </PropertyMap>
    </CartesianTask>
    <CartesianTask>
      <Targets>
        <CartesianTarget id="0">
          <Transform3D>
            <Pos>-0.08927923893998581 0.003636320572721251 0.03532618757681603</Pos>
            <Rotation3D>-0.8513156513289489 0.04598195060517622 0.5226349797142462 0.03087753142661452 0.9988164331176109 -0.03758072627307243 -0.5237444413598733 -0.01585538245380092 -0.8517278714424448</Rotation3D>
          </Transform3D>
          <Id></Id>
          <Index>0</Index>
          <PropertyMap>
            <Property>
              <Name>GripperConfiguration</Name>
              <Value>
                <Q>-1.570796326981848 -1.570796331754791 1.570796351778275 -5.376102635293798e-09 0.4189999998886034 -5.326901081903418e-09 0.4189999998973475</Q>
              </Value>
            </Property>
            <Property>
              <Name>Interference</Name>
              <Value>
                <Double>0</Double>
              </Value>
            </Property>
            <Property>
              <Name>InterferenceAngles</Name>
              <Value>
                <DoubleList></DoubleList>
              </Value>
            </Property>
            <Property>
              <Name>InterferenceDistances</Name>
              <Value>
                <DoubleList></DoubleList>
              </Value>
            </Property>
            <Property>
              <Name>Interferences</Name>
              <Value>
                <DoubleList></DoubleList>
              </Value>
            </Property>
            <Property>
              <Name>LiftStatus</Name>
              <Value>
                <Integer>4</Integer>
              </Value>
            </Property>
            <Property>
              <Name>ObjectTtcpApproach</Name>
              <Value>
                <Transform3D>
                  <Pos>-0.08927923893998585 0.003636320572721261 0.03557168757681606</Pos>
                  <Rotation3D>-0.851315651328949 0.04598195060517622 0.5226349797142462 0.03087753142661452 0.9988164331176109 -0.03758072627307243 -0.5237444413598733 -0.01585538245380092 -0.8517278714424449</Rotation3D>
                </Transform3D>
              </Value>
            </Property>
            <Property>
              <Name>ObjectTtcptTarget</Name>
              <Value>
                <Transform3D>
                  <Pos>-0.08927923893998581 0.00363632057272126 0.03532618757681605</Pos>
                  <Rotation3D>-0.8513156513289489 0.04598195060517622 0.5226349797142462 0.03087753142661452 0.9988164331176109 -0.03758072627307243 -0.5237444413598733 -0.01585538245380092 -0.8517278714424448</Rotation3D>
                </Transform3D>
              </Value>
            </Property>
            <Property>
              <Name>QualityAfterLifting</Name>
              <Value>
                <Q>0</Q>
              </Value>
            </Property>
            <Property>
              <Name>TestStatus</Name>
              <Value>
                <Integer>3</Integer>
              </Value>
            </Property>
          </PropertyMap>
        </CartesianTarget>
      </Targets>
      <Entities/>
      <Id></Id>
      <Index>5</Index>
      <PropertyMap>
        <Property>
          <Name>Approach</Name>
          <Value>
            <Transform3D>
              <Pos>0 0 0</Pos>
              <Rotation3D>1 0 0 0 1 0 0 0 1</Rotation3D>
            </Transform3D>
          </Value>
        </Property>
        <Property>
          <Name>CloseQ</Name>
          <Value>
            <Q>-1.571 -1.571 1.571 0 0.419 0 0.419</Q>
          </Value>
        </Property>
        <Property>
          <Name>Offset</Name>
          <Value>
            <Transform3D>
              <Pos>0 0 0</Pos>
              <Rotation3D>1 0 0 0 1 0 0 0 1</Rotation3D>
            </Transform3D>
          </Value>
        </Property>
        <Property>
          <Name>OpenQ</Name>
          <Value>
            <Q>-1.571 -1.571 1.571 -1.048 0.174 -1.048 0.174</Q>
          </Value>
        </Property>
        <Property>
          <Name>Retract</Name>
          <Value>
            <Transform3D>
              <Pos>0 0 0.1</Pos>
              <Rotation3D>1 0 0 0 1 0 0 0 1</Rotation3D>
            </Transform3D>
          </Value>
        </Property>
        <Property>
          <Name>TauMax</Name>
          <Value>
            <Q>0.2 2 10 2 2 2 2</Q>
          </Value>
        </Property>
        <Property>
          <Name>refframe</Name>
          <Value>
            <String>object</String>
          </Value>
        </Property>
      </PropertyMap>
    </CartesianTask>
    <CartesianTask>
      <Targets>
        <CartesianTarget id="0">
          <Transform3D>
            <Pos>0.1171577646995263 0.05030431052394958 0.04389286352170266</Pos>
            <Rotation3D>-0.8849647681927736 -0.1369000166284767 -0.4450794811094231 -0.09997652417433031 0.9893774362907265 -0.1055319059470123 0.4547989156446286 -0.04889451918070466 -0.8892509613841065</Rotation3D>
          </Transform3D>
          <Id></Id>
          <Index>0</Index>
          <PropertyMap>
            <Property>
              <Name>ContactsGrasp</Name>
              <Value>
                <DoubleList>0.1252848441452761 0.04999848508588629 0.01644249567531019 -9.0138006721631e-06 -0.5354577654013747 -0.8445620056515198 2.60324064897724 -19.96378919107486 -33.82144266219858 0.1253281207183865 0.04978427647975422 0.01657830441367819 -4.549118401761841e-06 -0.1634898196726327 -0.9865450211940231 0 0 0 0.1251053188106308 0.02548183469769708 0.0165302711173148 -0.4550372104774701 0.2616401758294425 -0.8511671724595709 -2.043041796525344 1.174721105355091 -3.821599792554324 0.125279507874145 0.02546473030464867 0.016431891288479 -0.6310370789921144 0.3628446020499035 -0.6856646408415321 -4.892576443351388 11.83162201688231 1.1899402062237</DoubleList>
              </Value>
            </Property>
            <Property>
              <Name>GripperConfiguration</Name>
              <Value>
                <Q>-1.570796327043804 -1.570796331828858 1.570796351202937 -0.01486787623378662 0.4189999964387461 -0.05745946310541897 0.4189999919489651</Q>
              </Value>
            </Property>
            <Property>
              <Name>GripperConfigurationPost</Name>
              <Value>
                <Q>-1.570796327069373 -1.570796331825399 1.570796351807169 -2.905600782833829e-05 0.4189999998796337 -0.0001153970247137588 0.4189999998954148</Q>
              </Value>
            </Property>
            <Property>
              <Name>Interference</Name>
              <Value>
                <Double>0</Double>
              </Value>
            </Property>
            <Property>
              <Name>InterferenceAngles</Name>
              <Value>
                <DoubleList></DoubleList>
              </Value>
            </Property>
            <Property>
              <Name>InterferenceDistances</Name>
              <Value>
                <DoubleList></DoubleList>
              </Value>
            </Property>
            <Property>
              <Name>Interferences</Name>
              <Value>
                <DoubleList></DoubleList>
              </Value>
            </Property>
            <Property>
              <Name>LiftResult</Name>
              <Value>
                <Double>0</Double>
              </Value>
            </Property>
            <Property>
              <Name>LiftStatus</Name>
              <Value>
                <Integer>4</Integer>
              </Value>
            </Property>
            <Property>
              <Name>ObjectTtcpApproach</Name>
              <Value>
                <Transform3D>
                  <Pos>0.1171577646995263 0.0503043105239496 0.04413836352170276</Pos>
                  <Rotation3D>-0.8849647681927736 -0.1369000166284767 -0.4450794811094231 -0.09997652417433031 0.9893774362907265 -0.1055319059470123 0.4547989156446286 -0.04889451918070465 -0.8892509613841064</Rotation3D>
                </Transform3D>
              </Value>
            </Property>
            <Property>
              <Name>ObjectTtcptTarget</Name>
              <Value>
                <Transform3D>
                  <Pos>0.1171577646995263 0.0503043105239496 0.04389286352170271</Pos>
                  <Rotation3D>-0.8849647681927736 -0.1369000166284767 -0.4450794811094231 -0.09997652417433031 0.9893774362907265 -0.1055319059470123 0.4547989156446286 -0.04889451918070466 -0.8892509613841065</Rotation3D>
                </Transform3D>
              </Value>
            </Property>
            <Property>
              <Name>QualityAfterLifting</Name>
              <Value>
                <Q>0</Q>
              </Value>
            </Property>
            <Property>
              <Name>QualityBeforeLifting</Name>
              <Value>
                <Q>-1.572928929574786e-10 0.001456592935736478 0.5575245117955234</Q>
              </Value>
            </Property>
            <Property>
              <Name>TestStatus</Name>
              <Value>
                <Integer>4</Integer>
              </Value>
            </Property>
          </PropertyMap>
        </CartesianTarget>
      </Targets>
      <Entities/>
      <Id></Id>
      <Index>6</Index>
      <PropertyMap>
        <Property>
          <Name>Approach</Name>
          <Value>
            <Transform3D>
              <Pos>0 0 0</Pos>
              <Rotation3D>1 0 0 0 1 0 0 0 1</Rotation3D>
            </Transform3D>
          </Value>
        </Property>
        <Property>
          <Name>CloseQ</Name>
          <Value>
            <Q>-1.571 -1.571 1.571 0 0.419 0 0.419</Q>
          </Value>
        </Property>
        <Property>
          <Name>Offset</Name>
          <Value>
            <Transform3D>
              <Pos>0 0 0</Pos>
              <Rotation3D>1 0 0 0 1 0 0 0 1</Rotation3D>
            </Transform3D>
          </Value>
        </Property>
        <Property>
          <Name>OpenQ</Name>
          <Value>
            <Q>-1.571 -1.571 1.571 -1.048 0.174 -1.048 0.174</Q>
          </Value>
        </Property>
        <Property>
          <Name>Retract</Name>
          <Value>
            <Transform3D>
              <Pos>0 0 0.1</Pos>
              <Rotation3D>1 0 0 0 1 0 0 0 1</Rotation3D>
            </Transform3D>
          </Value>
        </Property>
        <Property>
          <Name>TauMax</Name>
          <Value>
            <Q>0.2 2 10 2 2 2 2</Q>
          </Value>
        </Property>
        <Property>
          <Name>refframe</Name>
          <Value>
            <String>object</String>
          </Value>
        </Property>
      </PropertyMap>
    </CartesianTask>
    <CartesianTask>
      <Targets>
        <CartesianTarget id="0">
          <Transform3D>
            <Pos>0.06873030226510106 -0.01257430832259049 0.05002489361330627</Pos>
            <Rotation3D>-0.8032147597169799 0.1645075944218895 -0.5725236249713347 0.078126405440176 0.9819009301651165 0.1725306584751718 0.5905440834906329 0.09384995854235763 -0.8015297067082456</Rotation3D>
          </Transform3D>
          <Id></Id>
          <Index>0</Index>
          <PropertyMap>
            <Property>
              <Name>GripperConfiguration</Name>
              <Value>
                <Q>-1.570796327082232 -1.570796331839182 1.570796351814565 -5.199729622857555e-09 0.4189999999251413 -5.491759449409889e-09 0.4189999998733782</Q>
              </Value>
            </Property>
            <Property>
              <Name>Interference</Name>
              <Value>
                <Double>0</Double>
              </Value>
            </Property>
            <Property>
              <Name>InterferenceAngles</Name>
              <Value>
                <DoubleList></DoubleList>
              </Value>
            </Property>
            <Property>
              <Name>InterferenceDistances</Name>
              <Value>
                <DoubleList></DoubleList>
              </Value>
            </Property>
            <Property>
              <Name>Interferences</Name>
              <Value>
                <DoubleList></DoubleList>
              </Value>
            </Property>
            <Property>
              <Name>LiftStatus</Name>
              <Value>
                <Integer>4</Integer>
              </Value>
            </Property>
            <Property>
              <Name>ObjectTtcpApproach</Name>
              <Value>
                <Transform3D>
                  <Pos>0.06873030226510106 -0.01257430832259049 0.05027039361330635</Pos>
                  <Rotation3D>-0.8032147597169798 0.1645075944218894 -0.5725236249713347 0.07812640544017599 0.9819009301651165 0.1725306584751718 0.5905440834906329 0.09384995854235764 -0.8015297067082455</Rotation3D>
                </Transform3D>
              </Value>
            </Property>
            <Property>
              <Name>ObjectTtcptTarget</Name>
              <Value>
                <Transform3D>
                  <Pos>0.06873030226510107 -0.01257430832259049 0.05002489361330632</Pos>
                  <Rotation3D>-0.8032147597169799 0.1645075944218895 -0.5725236249713347 0.078126405440176 0.9819009301651165 0.1725306584751718 0.5905440834906329 0.09384995854235763 -0.8015297067082456</Rotation3D>
                </Transform3D>
              </Value>
            </Property>
            <Property>
              <Name>QualityAfterLifting</Name>
              <Value>
                <Q>0</Q>
              </Value>
            </Property>
            <Property>
              <Name>TestStatus</Name>
              <Value>
                <Integer>3</Integer>
              </Value>
            </Property>
          </PropertyMap>
        </CartesianTarget>
      </Targets>
      <Entities/>
      <Id></Id>
      <Index>7</Index>
      <PropertyMap>
        <Property>
          <Name>Approach</Name>
          <Value>
            <Transform3D>
              <Pos>0 0 0</Pos>
              <Rotation3D>1 0 0 0 1 0 0 0 1</Rotation3D>
            </Transform3D>
          </Value>
        </Property>
        <Property>
          <Name>CloseQ</Name>
          <Value>
            <Q>-1.571 -1.571 1.571 0 0.419 0 0.419</Q>
          </Value>
        </Property>
        <Property>
          <Name>Offset</Name>
          <Value>
            <Transform3D>
              <Pos>0 0 0</Pos>
              <Rotation3D>1 0 0 0 1 0 0 0 1</Rotation3D>
            </Transform3D>
          </Value>
        </Property>
        <Property>
          <Name>OpenQ</Name>
          <Value>
            <Q>-1.571 -1.571 1.571 -1.048 0.174 -1.048 0.174</Q>
          </Value>
        </Property>
        <Property>
          <Name>Retract</Name>
          <Value>
            <Transform3D>
              <Pos>0 0 0.1</Pos>
              <Rotation3D>1 0 0 0 1 0 0 0 1</Rotation3D>
            </Transform3D>
          </Value>
        </Property>
        <Property>
          <Name>TauMax</Name>
          <Value>
            <Q>0.2 2 10 2 2 2 2</Q>
          </Value>
        </Property>
        <Property>
          <Name>refframe</Name>
          <Value>
            <String>object</String>
          </Value>
        </Property>
      </PropertyMap>
    </CartesianTask>
    <CartesianTask>
      <Targets>
        <CartesianTarget id="0">
          <Transform3D>
            <Pos>0.0676719707540836 -0.009935464864097686 0.05828389706911014</Pos>
            <Rotation3D>-0.8100243423556622 0.01517790193402752 -0.5861997919516502 -0.002252642763243988 0.9995770522276368 0.02899383142134615 0.5863919255854895 0.02480620794860186 -0.80964755397355</Rotation3D>
          </Transform3D>
          <Id></Id>
          <Index>0</Index>
