<?xml version="1.0" encoding="utf-8"?>
<WorkCellCalibration>
 <FixedFrameCalibration>
  <FixedFrameCalibration frame="BB-1-Stereo">
   <Transform3D>0.99971779231240876 0.0026094706459453107 -0.02361199688615127 -0.011493404434045121 -0.0027763531068337377 0.99997138106579575 -0.0070376780823818144 -0.072877117305082353 0.023592956521594367 0.007101247236437588 0.99969642626662281 -0.055442690351429548 </Transform3D>
  </FixedFrameCalibration>
 </FixedFrameCalibration>
 <FixedFrameCalibration>
  <FixedFrameCalibration frame="BB-2-Stereo">
   <Transform3D>0.9999891315665812 -0.0043732108557629438 -0.0016160988601678185 -0.002544025750799532 0.004357027323426424 0.99994164643606409 -0.009885344487497956 0.015440908053253877 0.0016592352508653372 0.0098781956623984618 0.99994983283604666 0.0030978836571376872 </Transform3D>
  </FixedFrameCalibration>
 </FixedFrameCalibration>
 <FixedFrameCalibration>
  <FixedFrameCalibration frame="BB-3-Stereo">
   <Transform3D>0.99997691674855238 0.0049993431033685132 0.0046013626887591273 -0.071397735236946452 -0.0055571054403207865 0.9914331716868231 0.13049668447179638 -0.025270346449271314 -0.0039095459050713377 -0.13051924244164623 0.99143806806238532 0.020940130606571947 </Transform3D>
  </FixedFrameCalibration>
 </FixedFrameCalibration>
<!-- <FixedFrameCalibration>
  <FixedFrameCalibration frame="kinect-2">
   <Transform3D>0.99970592717121209 -0.013568394527627203 -0.020098702661855396 0.065391879951362142 0.012824343442426131 0.99924413937993573 -0.036697222376119075 0.081118214968410651 0.020581433235266171 0.036428678054443435 0.99912429458060315 0.083288020708026309 </Transform3D>
  </FixedFrameCalibration>
 </FixedFrameCalibration>
 <FixedFrameCalibration>
  <FixedFrameCalibration frame="kinect-1">
   <Transform3D>0.99971743694875903 -0.00853998315322042 -0.022183663997331793 0.048444255217679935 0.0083733255545258064 0.99993610206044981 -0.007594683358227541 -0.018580817732662642 0.022247104974843994 0.0074067863406827601 0.99972506512357773 0.025659907724008727 </Transform3D>
  </FixedFrameCalibration>
 </FixedFrameCalibration>

 <FixedFrameCalibration>
  <FixedFrameCalibration frame="kinect-3">
   <Transform3D>0.99979914869307174 -0.0024868274534381508 0.019886627713757859 -0.0023020984658141154 -3.8471783396516052e-006 0.99224790792333106 0.12427424997549566 0.042737498651160624 -0.02004151336122087 -0.12424936583737396 0.99204860406695916 0.093781932906155913 </Transform3D>
  </FixedFrameCalibration>
 </FixedFrameCalibration>-->
 <FixedFrameCalibration>
  <FixedFrameCalibration frame="Marker">
   <Transform3D>0.97305166642466456 0.23058068053181574 -0.0017332725313622568 -1.9158383501235998e-005 -0.23058085808662188 0.97305316298814326 9.9412309499434222e-005 0.0004016295288789436 0.0017094888769401287 0.0003029261541579315 0.99999849294062682 0.011423554666513076 </Transform3D>
  </FixedFrameCalibration>
 </FixedFrameCalibration>
 <LinkCalibrations>
  <ParallelAxisCalibration joint="UR1.Joint2" a="-0.00062346156931511411" alpha="0.0027652186006709907"/>
  <ParallelAxisCalibration joint="UR1.Joint3" a="-0.0023135843928779915" b="0.0024273820880370144" alpha="-0.00018933863071933719" beta="-0.0036490722801050734"/>
  <ParallelAxisCalibration joint="UR1.Joint4" a="-0.0026040772041237264" b="0.0025068229731171391" alpha="-0.0053300225909992359" beta="-0.0027101536849298462"/>
  <ParallelAxisCalibration joint="UR1.Joint5" a="0.00010311260768197273" b="-0.00056234684909110344" alpha="-0.0014008562565454574" beta="-0.0076322213533967804"/>
  <ParallelAxisCalibration joint="UR1.Joint6" a="-0.0007850774999694387" b="-0.0028517938742798751" alpha="0.00081497043705364809" beta="-0.0021815301107280553"/>
 </LinkCalibrations>
 <JointCalibrations device="UR1">
  <JointEncoderCalibration joint="UR1.Joint1" tau="-0.0052222617314187448" sigma="0.0015341796043375001"/>
  <JointEncoderCalibration joint="UR1.Joint2" tau="0.00039350781995511723" sigma="-0.0028034008176321722"/>
  <JointEncoderCalibration joint="UR1.Joint3" tau="0.0014469782790909626" sigma="0.00012219565950738874"/>
  <JointEncoderCalibration joint="UR1.Joint4" tau="0.0050067338595951574" sigma="0.0026863398059909223"/>
  <JointEncoderCalibration joint="UR1.Joint5" tau="-0.0024871018546341159" sigma="-4.5300653505934138e-005"/>
  <JointEncoderCalibration joint="UR1.Joint6" tau="0.0041724641671563858" sigma="0.0018261155255899317"/>
 </JointCalibrations>
</WorkCellCalibration>
