<?xml version="1.0" encoding="utf-8"?>
<WorkCellCalibration>
 <FixedFrameCalibration>
  <FixedFrameCalibration frame="BB-1-Stereo">
   <Transform3D>0.99977901970479766 0.010748905527259323 -0.018065790546774069 -0.013873166999631545 -0.010848368347128974 0.99992648379152982 -0.0054166333189818658 -0.069431951558932697 0.018006239538528514 0.0056114207000855188 0.99982212782844915 -0.050042645374505625 </Transform3D>
  </FixedFrameCalibration>
 </FixedFrameCalibration>
 <FixedFrameCalibration>
  <FixedFrameCalibration frame="kinect-1">
   <Transform3D>0.99980705698072558 0.0035530586101139155 -0.019319021353400825 0.048307423937123346 -0.003699870590022671 0.99996451054087765 -0.0075689243859526339 -0.013756543319033358 0.019291442899823406 0.0076389418937624172 0.99978472022610276 0.027793849640635009 </Transform3D>
  </FixedFrameCalibration>
 </FixedFrameCalibration>
 <FixedFrameCalibration>
  <FixedFrameCalibration frame="Marker">
   <Transform3D>0.97289155582822928 0.23111496794296438 -0.0082396717683417362 4.0620078548784231e-005 -0.23116605456114164 0.97289645308274331 -0.0058946414354931701 0.00036484212317500816 0.0066540075715864162 0.0076395792907928816 0.99994867918883557 0.010538678094346221 </Transform3D>
  </FixedFrameCalibration>
 </FixedFrameCalibration>
 <LinkCalibrations>
  <ParallelAxisCalibration joint="UR1.Joint2" a="-0.0011293478322953053" alpha="0.0065815212150268617"/>
  <ParallelAxisCalibration joint="UR1.Joint3" a="-0.00040391340815882086" b="-0.0025500428393729455" alpha="0.0070153658228470309" beta="-0.0013288716417963165"/>
  <ParallelAxisCalibration joint="UR1.Joint4" a="-0.0012902872350693427" b="-0.0036657618663714043" alpha="-0.00069807526545483058" beta="-0.00023856149323161601"/>
  <ParallelAxisCalibration joint="UR1.Joint5" a="0.00022999493840906936" b="-0.00033633515333114633" alpha="-0.0012212239869308413" beta="0.01183524487943689"/>
  <ParallelAxisCalibration joint="UR1.Joint6" a="0.0002277522939530721" b="-0.0018403424733465011" alpha="0.0048037292397807123" beta="-0.0025404077755030014"/>
 </LinkCalibrations>
 <JointCalibrations device="UR1">
  <JointEncoderCalibration joint="UR1.Joint1" tau="-0.011802231754682488" sigma="-0.0059445886019671859"/>
  <JointEncoderCalibration joint="UR1.Joint2" tau="-0.01516904344972308" sigma="-0.0045579474208411047"/>
  <JointEncoderCalibration joint="UR1.Joint3" tau="-0.0048702365923491741" sigma="-0.0072076126737275568"/>
  <JointEncoderCalibration joint="UR1.Joint4" tau="0.0048798379736800009" sigma="-0.00050984680603893026"/>
  <JointEncoderCalibration joint="UR1.Joint5" tau="0.00050454103570009637" sigma="-0.0075946827374128835"/>
  <JointEncoderCalibration joint="UR1.Joint6" tau="0.0004616686236090698" sigma="0.003262061677038147"/>
 </JointCalibrations>
</WorkCellCalibration>
