position:
   rows: 4
   cols: 4
   data: [0.884196 0.273602 -0.378602 0.528612 0.466734 -0.484705 0.739744 -1.36883 0.0188848 -0.830785 -0.556273 0.731457 0 0 0 1]


