position:
   rows: 4
   cols: 4
   data: [-0.000607213 -0.60875 0.793362 -0.66923 -0.999977 -0.00499934 -0.00460136 -0.458602 0.00676737 -0.793347 -0.608732 0.732991 0 0 0 1]

