position:
   rows: 4
   cols: 4
   data: [0.883613 0.26476 -0.386174 0.535131 0.468189 -0.490479 0.735003 -1.3674 0.00518975 -0.830261 -0.557351 0.73444 0 0 0 1]


