position:
   rows: 4
   cols: 4
   data: [-0.463202149 0.553628623 -0.692054927 0.720899582 -0.50157547 0.480025113 0.719721079 -0.737648845 0.730661511 0.680493832 0.0553377569 1.0206728 0 0 0 1 ]
