position:
   rows: 4
   cols: 4
   data: [-0.53800863 -0.404922277 0.73931396 -0.735557079 0.522525668 0.528022885 0.669447064 -0.744103611 -0.661448538 0.746478558 -0.07249856 1.13127446 0 0 0 1 ]
