image_width: 640
image_height: 480
camera_name: rgb_A00366802050045A
camera_matrix:
  rows: 3
  cols: 3
  data: [528.825834570193, 0, 313.21260618149, 0, 529.630608967841, 267.657520257844, 0, 0, 1]
distortion_model: plumb_bob
distortion_coefficients:
  rows: 1
  cols: 5
  data: [0.176026975825361, -0.329706567296551, 0.000684744172169888, -0.00224263583807503, 0]
rectification_matrix:
  rows: 3
  cols: 3
  data: [0.970370285347631, -0.0392413234158304, -0.238414823052029, 0.039037659447202, 0.999222172477488, -0.00557773917053192, 0.238448255307604, -0.00389468431896632, 0.971147394052425]
projection_matrix:
  rows: 3
  cols: 4
  data: [721.558478118612, 0, 489.838933944702, -18.8091268703467, 0, 721.558478118612, 260.299600601196, 0, 0, 0, 1, 0]