image_width: 640
image_height: 480
camera_name: depth_A00366802050045A
camera_matrix:
  rows: 3
  cols: 3
  data: [583.19854316802, 0, 320.782612910397, 0, 583.686650727405, 239.275492092215, 0, 0, 1]
distortion_model: plumb_bob
distortion_coefficients:
  rows: 1
  cols: 5
  data: [-0.0656144157038609, 0.117821593071668, 0.00239149029829491, 0.00214616679360663, 0]
rectification_matrix:
  rows: 3
  cols: 3
  data: [0.972051783032888, -0.0327803696501645, -0.232466725507504, 0.0329788419222653, 0.999451445719695, -0.00303374921140023, 0.232438652310774, -0.00471752206248239, 0.972599618495474]
projection_matrix:
  rows: 3
  cols: 4
  data: [721.558478118612, 0, 489.838933944702, 0, 0, 721.558478118612, 260.299600601196, 0, 0, 0, 1, 0]