position:
   rows: 4
   cols: 4
   data: [-0.882291 0.270657 -0.385106 0.385 0.470704 0.507322 -0.721846 0.35 0 -0.81815 -0.575005 0.5858 0 0 0 1]
, , 
