position:
   rows: 4
   cols: 4
   data: [-0.838286, 0.33705, -0.428572 0.465  0.545222 0.522731 -0.655352 0.3 0.00314159 -0.783039 -0.621965 0.635588 0 0 0 1]


