position:
   rows: 4
   cols: 4
   data: [-0.865074 0.279014 -0.41689 0.44 0.500659 0.532247 -0.682681 0.3475 0.0314108 -0.79929 -0.600124 0.6308 0 0 0 1]

