position:
   rows: 4
   cols: 4
   data: [-0.864985, 0.264898, -0.426181 0.455 0.500608, 0.514018, -0.696547 0.355 0.0345506, -0.815852, -0.577228 0.6008 0 0 0 1]

