position:
   rows: 4
   cols: 4
   data: [6.12303e-17 -0.5 0.866025 -0.7 -1 -3.06152e-17 5.3027e-17 -0.53 0 -0.866025 -0.5 0.810776 0 0 0 1]


