position:
   rows: 4
   cols: 4
   data: [-0.883239 0.291707 -0.367146 0.585703 0.467862 0.495532 -0.731815 0.25173 -0.0315432 -0.818141 -0.574152 0.637072 0 0 0 1]

