position:
   rows: 4
   cols: 4
   data: [-0.88718 0.275472 -0.370171 0.654888 0.461228 0.506069 -0.728809 0.250474 -0.0134347 -0.818441 -0.57603 0.812365 0 0 0 1]


