position:
   rows: 4
   cols: 4
   data: [-0.885647 0.281016 -0.369675 0.586387 0.463929 0.501181 -0.730471 0.252569 -0.0200003 -0.818441 -0.574242 0.721108 0 0 0 1]


