position:
   rows: 4
   cols: 4
   data: [-0.870720 0.243928 -0.426977 0.371346  0.487423 0.542860 -0.683884 0.361942 0.064970 -0.803597 -0.591596 0.622061 0 0 0 1]

