position:
   rows: 4
   cols: 4
   data: [0.88307 0.272412 -0.382073 0.533255 0.469141 -0.495676 0.730898 -1.36882 0.00972133 -0.82468 -0.565516 0.74895 0 0 0 1 ]


