%YAML:1.0
M1: !!opencv-matrix
   rows: 3
   cols: 3
   dt: d
   data: [1280.99658023138, -0, 521.351615905762, -0, 1280.99658023138, 387.48673248291, 0, 0, 1]
D1: !!opencv-matrix
   rows: 4
   cols: 1
   dt: d
   data: [0, 0, 0, 0]
M2: !!opencv-matrix
   rows: 3
   cols: 3
   dt: d
   data: [1280.99658023138, -0, 514.932502746582, -0, 1280.99658023138, 387.48673248291, 0, 0, 1]
D2: !!opencv-matrix
   rows: 4
   cols: 1
   dt: d
   data: [0, 0, 0, 0]
