%YAML:1.0
R: !!opencv-matrix
   rows: 3
   cols: 3
   dt: d
   data: [1, 0, 0, 0, 1, 0, 0, 0, 1]
T: !!opencv-matrix
   rows: 3
   cols: 1
   dt: d
   data: [-120.052322708842, 0, 0]
