<?xml version="1.0" encoding="utf-8"?>
<WorkCellCalibration>
 <FixedFrameCalibration>
  <FixedFrameCalibration frame="BB-1-Stereo">
   <Transform3D>0.99974449333263871 0.0030888279914591203 -0.022392123452333046 -0.012545260620412561 -0.0032475811458794555 0.99996982699100301 -0.0070567927760812584 -0.072648842586308257 0.022369650595533971 0.0071277099564167863 0.99972435925259462 -0.054547867581722954 </Transform3D>
   <RPY/>
   <RPY>-0.003248399710721357 -0.02237151664934983 0.007129554383244167</RPY>
  </FixedFrameCalibration>
 </FixedFrameCalibration>
 <FixedFrameCalibration>
  <FixedFrameCalibration frame="BB-2-Stereo">
   <Transform3D>0.99999187726694982 -0.0035657016016013357 0.0018791413490749829 -9.8729638551278907e-005 0.0035857455766229876 0.99993553625753395 -0.010773381921093539 0.014582934295838797 -0.0018406055474202928 0.010780032534568442 0.999940199746851 0.001531923051414392 </Transform3D>
   <RPY/>
   <RPY>0.003585759334664555 0.001840606586697952 0.01078025959669648</RPY>
  </FixedFrameCalibration>
 </FixedFrameCalibration>
 <FixedFrameCalibration>
  <FixedFrameCalibration frame="BB-3-Stereo">
   <Transform3D>0.99997199170424811 0.0060585994099079171 0.0043942212312739204 -0.07148411482178782 -0.0065742086957656636 0.99164714068957904 0.12881276389475832 -0.024840914246106086 -0.003577091984228834 -0.1288380445962003 0.99165919684010595 0.020788319600676067 </Transform3D>
   <RPY/>
   <RPY>-0.006574298114886884 0.003577099612771412 -0.1291980005119986</RPY>
  </FixedFrameCalibration>
 </FixedFrameCalibration>
 <FixedFrameCalibration>
  <FixedFrameCalibration frame="Marker1">
   <Transform3D>0.97316427691994445 0.23009227725265088 0.002972217281911646 -0.00011459199660552525 -0.2301098176947145 0.97312509013371262 0.0087767165135294971 0.00029450834069362671 -0.00087288452095830025 -0.0092251233565100385 0.99995706666419948 0.011190881272507051 </Transform3D>
   <RPY/>
   <RPY>-0.2321906173916377 0.0008728846318041087 -0.009225257723569762</RPY>
  </FixedFrameCalibration>
 </FixedFrameCalibration>
 <FixedFrameCalibration>
  <FixedFrameCalibration frame="UR2.Base">
   <Transform3D>0.99936427469945077 -0.02534311923770188 -0.025075341707428683 0.0072754507885703333 0.024863781253525778 0.99950555909146266 -0.019246551042702592 0.0069074821901178168 0.02555071107068271 0.018610847712185515 0.99950027389251683 -0.013952239511931272 </Transform3D>
   <RPY/>
   <RPY>0.02487446630522289 -0.02555349197047257 0.01861800120457542</RPY>
  </FixedFrameCalibration>
 </FixedFrameCalibration>
 <FixedFrameCalibration>
  <FixedFrameCalibration frame="Marker2">
   <Transform3D>-0.22035577164919118 0.97540948419964946 0.0044353167038462555 0.00015802173059355315 -0.97541305373196907 -0.22036864034835849 0.0026527269536733818 0.0001669607190646334 0.0035648997411460229 -0.0037417221155157804 0.99998664541355042 -0.025873555413014615 </Transform3D>
   <RPY/>
   <RPY>-1.79297695481303 -0.003564907291949971 -0.003741754622807629</RPY>
  </FixedFrameCalibration>
 </FixedFrameCalibration>
 <LinkCalibrations>
  <ParallelAxisCalibration joint="UR1.Joint2" a="0.00018454942265044646" alpha="-0.0013319114858382974"/>
  <ParallelAxisCalibration joint="UR1.Joint3" a="-0.0024100391478519764" b="0.0021963851202127255" alpha="3.9441053710013961e-006" beta="-0.00035027177571918299"/>
  <ParallelAxisCalibration joint="UR1.Joint4" a="-0.0021681765064678776" b="0.0031210418393083387" alpha="-0.0030706511893836518" beta="0.0005875057054224559"/>
  <ParallelAxisCalibration joint="UR1.Joint5" a="-0.00010004313569055008" b="0.0028037631711339004" alpha="-0.00068222149460056439" beta="-0.0089301790971916366"/>
  <ParallelAxisCalibration joint="UR1.Joint6" a="-0.00010860891278637588" b="-0.0024090408574588516" alpha="0.00058860963532306328" beta="-0.0050840177972105811"/>
  <ParallelAxisCalibration joint="UR2.Joint2" a="7.5091949470923406e-006" alpha="-0.0010096305577970447"/>
  <ParallelAxisCalibration joint="UR2.Joint3" a="-0.0029756891628318497" b="-0.0024599377025257821" alpha="-0.00069985770324981669" beta="0.0012680482779169255"/>
  <ParallelAxisCalibration joint="UR2.Joint4" a="-0.0025368312924797052" b="-0.0019982181938952453" alpha="0.00040397188549778755" beta="0.00051573480994361034"/>
  <ParallelAxisCalibration joint="UR2.Joint5" a="-5.7889403658708077e-005" b="0.0028111792883949755" alpha="-0.00034700810427322937" beta="0.012200411477574807"/>
  <ParallelAxisCalibration joint="UR2.Joint6" a="0.0003392089833616539" b="-0.0021773082145779511" alpha="0.0026912170428701381" beta="-0.007380299624595626"/>
 </LinkCalibrations>
 <JointCalibrations device="UR1">
  <JointEncoderCalibration joint="UR1.Joint1" tau="0.00072173890291409471" sigma="-0.0013505256765232768"/>
  <JointEncoderCalibration joint="UR1.Joint2" tau="0.0012298156185308173" sigma="-0.00097533002017223948"/>
  <JointEncoderCalibration joint="UR1.Joint3" tau="-0.00042239684311046741" sigma="0.00033156932135657588"/>
  <JointEncoderCalibration joint="UR1.Joint4" tau="0.0035143941991938308" sigma="0.0022511145600399903"/>
  <JointEncoderCalibration joint="UR1.Joint5" tau="0.0042047456344712379" sigma="0.0024337101132521116"/>
  <JointEncoderCalibration joint="UR1.Joint6" tau="-0.00013255796670180891" sigma="0.0027983639650605604"/>
  <JointEncoderCalibration joint="UR2.Joint1" tau="0.0018609493078842259" sigma="3.487460803469832e-005"/>
  <JointEncoderCalibration joint="UR2.Joint2" tau="-0.00086753824553337754" sigma="-0.0004037834849039119"/>
  <JointEncoderCalibration joint="UR2.Joint3" tau="-0.0012348913349938893" sigma="0.0011271748808625347"/>
  <JointEncoderCalibration joint="UR2.Joint4" tau="-0.0041680000200716473" sigma="-0.00058620194520386153"/>
  <JointEncoderCalibration joint="UR2.Joint5" tau="-0.0018503298085448749" sigma="0.0049621920364008483"/>
  <JointEncoderCalibration joint="UR2.Joint6" tau="0.0019421449258251225" sigma="0.0010066040900472343"/>
 </JointCalibrations>
</WorkCellCalibration>
