position:
   rows: 4
   cols: 4
   data: [-0.525518477 -0.42357251 0.737846434 -0.774402142 0.516258597 0.530578077 0.672283053 -0.753882527 -0.676245332 0.73421663 -0.0601555109 1.12342143 0 0 0 1]
