position:
   rows: 4
   cols: 4
   data: [-0.476161003 0.548546255 -0.687290132 0.670838296 -0.492444336 0.481194258 0.725224853 -0.747535586 0.728539526 0.683775842 0.0410026014 1.04582 0 0 0 1]

